0.062873
0.05906
0.058085
0.061215
0.057363
0.060068
0.062618
0.054955
0.056741
0.058139
0.065999
0.057356
0.064038
0.065825
0.057084
0.059988
0.06201
0.059679
0.057652
0.055615
0.06488
0.062119
0.056676
0.058945
0.065436
0.063173
0.06248
0.060371
0.058883
0.061495
0.057108
0.059287
0.055973
0.066646
0.062208
0.065056
0.057985
0.060471
0.060178
0.061655
0.057666
0.067551
0.06401
0.058963
0.062611
0.065108
0.063888
0.060586
0.062997
0.059282
0.057625
0.064777
0.057265
0.063172
0.06207
0.062675
0.062811
0.063856
0.06214
0.067622
0.057557
0.058795
0.060276
0.060025
0.059122
0.061377
0.059038
0.061196
0.058076
0.061545
0.065385
0.055617
0.05875
0.058328
0.059073
0.065222
0.059032
0.057912
0.05791
0.061464
0.059662
0.063865
0.058777
0.0597
0.067027
0.060938
0.056643
0.066358
0.061346
0.062063
0.061867
0.059913
0.060223
0.060414
0.071013
0.063124
0.060865
0.057569
0.066255
0.059443
0.06652
0.063441
0.056449
0.069069
0.066624
0.061072
0.060817
0.054909
0.064667
0.059003
0.065609
0.05926
0.05295
0.060197
0.055685
0.056917
0.057917
0.061177
0.060904
0.058601
0.058204
0.057848
0.060176
0.060883
0.061672
0.061475
0.06383
0.065983
0.063636
0.068587
0.056724
0.056022
0.056393
0.05887
0.055802
0.065113
0.061495
0.058203
0.063299
0.066606
0.06007
0.062062
0.059452
0.06492
0.059113
0.068136
0.065045
0.06223
0.059542
0.059577
0.068432
0.062373
0.063269
0.063198
0.063273
0.060844
0.065032
0.061428
0.065879
0.062354
0.057253
0.061714
0.057791
0.065712
0.057109
0.057777
0.062239
0.060325
0.058962
0.063197
0.065156
0.062608
0.064592
0.063296
0.061813
0.05799
0.060832
0.057103
0.060092
0.064922
0.060329
0.064796
0.058442
0.061114
0.0703
0.061241
0.05511
0.069487
0.060107
0.061823
0.059713
0.064344
0.055595
0.068486
0.063444
0.059558
0.058712
0.057463
0.055613
0.057033
0.063312
0.065464
0.062419
0.057568
0.057491
0.064864
0.063601
0.062574
0.061928
0.06438
0.068806
0.061975
0.053674
0.06788
0.064453
0.057319
0.057844
0.058687
0.059208
0.063366
0.055701
0.05995
0.071214
0.062212
0.065802
0.061696
0.062447
0.05777
0.062021
0.058405
0.06503
0.061024
0.06371
0.056954
0.057894
0.057925
0.057324
0.065693
0.070532
0.056229
0.056793
0.059817
0.055499
0.059644
0.061182
0.063303
0.060455
0.055535
0.063503
0.065435
0.06141
0.059412
0.061566
0.059485
0.061362
0.064418
0.061465
0.063728
0.063794
0.060072
0.061718
0.063176
0.056853
0.060144
0.059814
0.061884
0.062177
0.058447
0.062014
0.062949
0.0653
0.059548
0.057485
0.064198
0.064733
0.062087
0.061053
0.058388
0.060252
0.059068
0.070495
0.059941
0.068543
0.064047
0.067471
0.063944
0.062454
0.065776
0.061025
0.06381
0.06482
0.05959
0.058637
0.058369
0.062395
0.068729
0.061369
0.06598
0.059679
0.059812
0.063507
0.052199
0.06044
0.059565
0.059519
0.06175
0.056443
0.058308
0.058766
0.060406
0.069341
0.059659
0.062906
0.06095
0.057548
0.060569
0.059831
0.059981
0.064486
0.059988
0.063719
0.057001
0.05985
0.060632
0.05827
0.063621
0.057363
0.055445
0.056291
0.065756
0.057841
0.056713
0.060316
0.0563
0.060731
0.066779
0.059181
0.058601
0.063067
0.062454
0.058689
0.060363
0.061201
0.062796
0.058576
0.055578
0.057582
0.06041
0.055955
0.061148
0.05659
0.062439
0.061541
0.063174
0.054732
0.064409
0.062056
0.063684
0.065787
0.058463
0.066834
0.069071
0.063052
0.060296
0.058928
0.065298
0.060098
0.060739
0.059383
0.06062
0.064768
0.056236
0.062474
0.061996
0.059411
0.060471
0.072579
0.063489
0.065199
0.059359
0.062172
0.068237
0.062895
0.058454
0.064143
0.060603
0.066702
0.065923
0.058098
0.064137
0.063663
0.063447
0.060052
0.063029
0.060654
0.062011
0.063824
0.059784
0.057827
0.059489
0.060936
0.056988
0.070566
0.063265
0.068914
0.063824
0.064707
0.058455
0.068718
0.055363
0.066128
0.05768
0.061015
0.056117
0.068217
0.059072
0.055173
0.056196
0.062349
0.063827
0.064985
0.059831
0.072958
0.05962
0.054399
0.054768
0.067554
0.059372
0.063809
0.066695
0.065054
0.064955
0.058797
0.060602
0.058116
0.063802
0.063917
0.058866
0.064179
0.06237
0.06735
0.06574
0.060042
0.060196
0.061394
0.063849
0.055308
0.059123
0.063005
0.057377
0.05998
0.060422
0.063173
0.057144
0.060191
0.059474
0.061299
0.063719
0.061006
0.056112
0.054549
0.063791
0.057443
0.061963
0.060112
0.060447
0.059112
0.060103
0.059999
0.063384
0.06704
0.059165
0.058529
0.060966
0.062755
0.060857
0.05651
0.067563
0.062448
0.063829
0.063959
0.059369
0.061072
0.066633
0.063256
0.061138
0.061105
0.057658
0.060769
0.060679
0.060486
0.058316
0.059297
0.058253
0.058423
0.06151
0.066073
0.058592
0.059442
0.060059
0.061812
0.062018
0.055273
0.066683
0.059774
0.061886
0.056407
0.060118
0.062776
0.060685
0.061165
0.059109
0.060566
0.060698
0.05727
0.057567
0.058649
0.067873
0.065322
0.064746
0.063217
0.062226
0.063187
0.059328
0.059878
0.059705
0.061708
0.063644
0.05987
0.067979
0.060115
0.064578
0.063164
0.062336
0.060716
0.059631
0.063951
0.058936
0.06437
0.05862
0.059915
0.063382
0.063279
0.059905
0.059436
0.06215
0.06145
0.060732
0.064641
0.056301
0.061855
0.059531
0.059964
0.06196
0.063946
0.059885
0.057769
0.06106
0.060783
0.059782
0.056838
0.059391
0.058771
0.059611
0.054173
0.058856
0.055988
0.054649
0.062341
0.065636
0.068362
0.062056
0.061789
0.06244
0.061845
0.061591
0.058882
0.056939
0.066506
0.064039
0.057178
0.058096
0.062427
0.062472
0.05857
0.056521
0.05854
0.064716
0.060973
0.062025
0.057196
0.06073
0.06233
0.059849
0.061852
0.064302
0.058669
0.05863
0.058214
0.06098
0.066406
0.054367
0.059691
0.058863
0.066143
0.061681
0.060432
0.061995
0.065381
0.058228
0.060151
0.063862
0.060339
0.060364
0.063717
0.061581
0.060414
0.059766
0.063144
0.058537
0.058568
0.060741
0.058358
0.071143
0.057797
0.071115
0.054414
0.055592
0.058214
0.059689
0.068908
0.065656
0.058313
0.055502
0.061254
0.062036
0.064315
0.061757
0.058867
0.062749
0.055199
0.059279
0.059937
0.058149
0.05907
0.056958
0.062832
0.059275
0.065712
0.061551
0.061095
0.06271
0.06168
0.060598
0.056105
0.060799
0.062198
0.060144
0.056382
0.059738
0.059339
0.060963
0.060194
0.063366
0.057727
0.060579
0.065501
0.058894
0.060576
0.062546
0.056678
0.064573
0.055363
0.060559
0.058475
0.060854
0.055932
0.055732
0.062222
0.059901
0.061058
0.067945
0.063592
0.058178
0.059473
0.060695
0.059109
0.061296
0.063421
0.056641
0.067266
0.061212
0.061154
0.059323
0.065623
0.057893
0.063017
0.058645
0.064081
0.058701
0.057288
0.057818
0.061229
0.064556
0.063417
0.066523
0.060066
0.063105
0.058547
0.062567
0.057148
0.056909
0.058176
0.076311
0.058149
0.063003
0.056454
0.066701
0.05738
0.056447
0.060993
0.060809
0.060173
0.056537
0.056908
0.058572
0.062494
0.067011
0.067496
0.059998
0.062847
0.058369
0.065686
0.058324
0.064704
0.062384
0.062023
0.058364
0.06942
0.058598
0.060008
0.057684
0.063996
0.057083
0.060973
0.061521
0.059498
0.07021
0.061571
0.060313
0.061855
0.065337
0.057449
0.065751
0.05789
0.059212
0.059791
0.065733
0.063803
0.064132
0.053833
0.069607
0.074691
0.06606
0.065893
0.059271
0.06401
0.064087
0.060369
0.061071
0.057552
0.060187
0.063364
0.062212
0.064548
0.060748
0.068061
0.062727
0.064888
0.071782
0.05774
0.063798
0.059404
0.062801
0.071354
0.063081
0.05729
0.056404
0.06519
0.066737
0.063807
0.066687
0.058833
0.059369
0.064941
0.062395
0.059987
0.063429
0.060744
0.066079
0.056799
0.061602
0.063707
0.06148
0.06263
0.06019
0.060676
0.064251
0.060078
0.058128
0.060191
0.058768
0.06105
0.057633
0.064541
0.057387
0.065373
0.063977
0.065617
0.068368
0.060388
0.05973
0.062464
0.06059
0.058429
0.05736
0.063333
0.060121
0.059973
0.06183
0.061045
0.058699
0.06103
0.060656
0.063736
0.055976
0.061222
0.056888
0.056458
0.059248
0.065745
0.067668
0.056697
0.06622
0.062608
0.060172
0.061386
0.061504
0.059121
0.056044
0.058654
0.060347
0.061231
0.06337
0.061326
0.06292
0.057691
0.05698
0.063405
0.059139
0.060295
0.059238
0.059546
0.064936
0.087307
0.057111
0.066794
0.061098
0.063547
0.063302
0.059621
0.058758
0.070819
0.058969
0.065939
0.064138
0.063138
0.068139
0.061362
0.05832
0.060257
0.066686
0.054537
0.061359
0.061187
0.058994
0.056747
0.056807
0.061221
0.065841
0.061215
0.064551
0.065674
0.060282
0.061863
0.064384
0.055793
0.063691
0.057528
0.064789
0.059888
0.057349
0.06188
0.061617
0.060399
0.056794
0.056321
0.062933
0.064959
0.058837
0.063114
0.061172
0.055776
0.056284
0.059321
0.061681
0.061664
0.061896
0.056259
0.062487
0.062811
0.063603
0.053153
0.058362
0.064747
0.060692
0.065214
0.061272
0.063842
0.060774
0.057781
0.05849
0.060603
0.057031
0.058506
0.056158
0.059257
0.060432
0.061468
0.061716
0.064288
0.058856
0.060127
0.061054
0.061461
0.060143
0.061574
0.056358
0.054199
0.063761
0.073465
0.059212
0.063573
0.061258
0.056905
0.061238
0.062408
0.059349
0.067461
0.055061
0.060204
0.060127
0.057588
0.05405
0.060651
0.064639
0.058378
0.061152
0.061513
0.063078
0.06152
0.059325
0.057373
0.059651
0.058757
0.059665
0.060945
0.059332
0.064066
0.058527
0.060224
0.061693
0.0631
0.061608
0.063634
0.063488
0.059337
0.06669
0.058557
0.063682
0.058808
0.065034
0.061664
0.065869
0.061403
0.065759
0.0552
0.061921
0.061677
0.058228
